    switch(space_order){
        case 1:
            L->set(1,1,1.000000000000000);
            R->set(1,1,1.000000000000000);
            break;
        case 2:
            L->set(1,1,1.000000000000000);
            L->set(1,2,-0.8660254037844386);
            L->set(2,2,0.5000000000000000);
            R->set(1,1,1.000000000000000);
            R->set(1,2,0.8660254037844386);
            R->set(2,2,0.5000000000000000);
            break;
        case 3:
            L->set(1,1,1.000000000000000);
            L->set(1,2,-0.8660254037844386);
            L->set(2,2,0.5000000000000000);
            L->set(2,3,-0.9682458365518542);
            L->set(3,3,0.2500000000000000);
            R->set(1,1,1.000000000000000);
            R->set(1,2,0.8660254037844386);
            R->set(2,2,0.5000000000000000);
            R->set(2,3,0.9682458365518542);
            R->set(3,3,0.2500000000000000);
            break;
        case 4:
            L->set(1,1,1.000000000000000);
            L->set(1,2,-0.8660254037844386);
            L->set(1,4,0.3307189138830738);
            L->set(2,2,0.5000000000000000);
            L->set(2,3,-0.9682458365518542);
            L->set(2,4,0.5728219618694800);
            L->set(3,3,0.2500000000000000);
            L->set(3,4,-0.7395099728874520);
            L->set(4,4,0.1250000000000000);
            R->set(1,1,1.000000000000000);
            R->set(1,2,0.8660254037844386);
            R->set(1,4,-0.3307189138830738);
            R->set(2,2,0.5000000000000000);
            R->set(2,3,0.9682458365518542);
            R->set(2,4,0.5728219618694800);
            R->set(3,3,0.2500000000000000);
            R->set(3,4,0.7395099728874520);
            R->set(4,4,0.1250000000000000);
            break;
        case 5:
            L->set(1,1,1.000000000000000);
            L->set(1,2,-0.8660254037844386);
            L->set(1,4,0.3307189138830738);
            L->set(2,2,0.5000000000000000);
            L->set(2,3,-0.9682458365518542);
            L->set(2,4,0.5728219618694800);
            L->set(2,5,0.2165063509461097);
            L->set(3,3,0.2500000000000000);
            L->set(3,4,-0.7395099728874520);
            L->set(3,5,0.8385254915624211);
            L->set(4,4,0.1250000000000000);
            L->set(4,5,-0.4960783708246107);
            L->set(5,5,0.06250000000000000);
            R->set(1,1,1.000000000000000);
            R->set(1,2,0.8660254037844386);
            R->set(1,4,-0.3307189138830738);
            R->set(2,2,0.5000000000000000);
            R->set(2,3,0.9682458365518542);
            R->set(2,4,0.5728219618694800);
            R->set(2,5,-0.2165063509461097);
            R->set(3,3,0.2500000000000000);
            R->set(3,4,0.7395099728874520);
            R->set(3,5,0.8385254915624211);
            R->set(4,4,0.1250000000000000);
            R->set(4,5,0.4960783708246107);
            R->set(5,5,0.06250000000000000);
            break;
        case 6:
            L->set(1,1,1.000000000000000);
            L->set(1,2,-0.8660254037844386);
            L->set(1,4,0.3307189138830738);
            L->set(1,6,-0.2072890493972125);
            L->set(2,2,0.5000000000000000);
            L->set(2,3,-0.9682458365518542);
            L->set(2,4,0.5728219618694800);
            L->set(2,5,0.2165063509461097);
            L->set(2,6,-0.3590351654086268);
            L->set(3,3,0.2500000000000000);
            L->set(3,4,-0.7395099728874520);
            L->set(3,5,0.8385254915624211);
            L->set(3,6,-0.2317562027217395);
            L->set(4,4,0.1250000000000000);
            L->set(4,5,-0.4960783708246107);
            L->set(4,6,0.8226529113180114);
            L->set(5,5,0.06250000000000000);
            L->set(5,6,-0.3109335740958187);
            L->set(6,6,0.03125000000000000);
            R->set(1,1,1.000000000000000);
            R->set(1,2,0.8660254037844386);
            R->set(1,4,-0.3307189138830738);
            R->set(1,6,0.2072890493972125);
            R->set(2,2,0.5000000000000000);
            R->set(2,3,0.9682458365518542);
            R->set(2,4,0.5728219618694800);
            R->set(2,5,-0.2165063509461097);
            R->set(2,6,-0.3590351654086268);
            R->set(3,3,0.2500000000000000);
            R->set(3,4,0.7395099728874520);
            R->set(3,5,0.8385254915624211);
            R->set(3,6,0.2317562027217395);
            R->set(4,4,0.1250000000000000);
            R->set(4,5,0.4960783708246107);
            R->set(4,6,0.8226529113180114);
            R->set(5,5,0.06250000000000000);
            R->set(5,6,0.3109335740958187);
            R->set(6,6,0.03125000000000000);
            break;
        case 7:
            L->set(1,1,1.000000000000000);
            L->set(1,2,-0.8660254037844386);
            L->set(1,4,0.3307189138830738);
            L->set(1,6,-0.2072890493972125);
            L->set(2,2,0.5000000000000000);
            L->set(2,3,-0.9682458365518542);
            L->set(2,4,0.5728219618694800);
            L->set(2,5,0.2165063509461097);
            L->set(2,6,-0.3590351654086268);
            L->set(2,7,-0.09757809372497497);
            L->set(3,3,0.2500000000000000);
            L->set(3,4,-0.7395099728874520);
            L->set(3,5,0.8385254915624211);
            L->set(3,6,-0.2317562027217395);
            L->set(3,7,-0.3779183319514945);
            L->set(4,4,0.1250000000000000);
            L->set(4,5,-0.4960783708246107);
            L->set(4,6,0.8226529113180114);
            L->set(4,7,-0.5962120008855910);
            L->set(5,5,0.06250000000000000);
            L->set(5,6,-0.3109335740958187);
            L->set(5,7,0.6760408641494980);
            L->set(6,6,0.03125000000000000);
            L->set(6,7,-0.1868478241109593);
            L->set(7,7,0.01562500000000000);
            R->set(1,1,1.000000000000000);
            R->set(1,2,0.8660254037844386);
            R->set(1,4,-0.3307189138830738);
            R->set(1,6,0.2072890493972125);
            R->set(2,2,0.5000000000000000);
            R->set(2,3,0.9682458365518542);
            R->set(2,4,0.5728219618694800);
            R->set(2,5,-0.2165063509461097);
            R->set(2,6,-0.3590351654086268);
            R->set(2,7,0.09757809372497497);
            R->set(3,3,0.2500000000000000);
            R->set(3,4,0.7395099728874520);
            R->set(3,5,0.8385254915624211);
            R->set(3,6,0.2317562027217395);
            R->set(3,7,-0.3779183319514945);
            R->set(4,4,0.1250000000000000);
            R->set(4,5,0.4960783708246107);
            R->set(4,6,0.8226529113180114);
            R->set(4,7,0.5962120008855910);
            R->set(5,5,0.06250000000000000);
            R->set(5,6,0.3109335740958187);
            R->set(5,7,0.6760408641494980);
            R->set(6,6,0.03125000000000000);
            R->set(6,7,0.1868478241109593);
            R->set(7,7,0.01562500000000000);
            break;
        case 8:
            L->set(1,1,1.000000000000000);
            L->set(1,2,-0.8660254037844386);
            L->set(1,4,0.3307189138830738);
            L->set(1,6,-0.2072890493972125);
            L->set(1,8,0.1512884119612272);
            L->set(2,2,0.5000000000000000);
            L->set(2,3,-0.9682458365518542);
            L->set(2,4,0.5728219618694800);
            L->set(2,5,0.2165063509461097);
            L->set(2,6,-0.3590351654086268);
            L->set(2,7,-0.09757809372497497);
            L->set(2,8,0.2620392161132566);
            L->set(3,3,0.2500000000000000);
            L->set(3,4,-0.7395099728874520);
            L->set(3,5,0.8385254915624211);
            L->set(3,6,-0.2317562027217395);
            L->set(3,7,-0.3779183319514945);
            L->set(3,8,0.2571012917485052);
            L->set(4,4,0.1250000000000000);
            L->set(4,5,-0.4960783708246107);
            L->set(4,6,0.8226529113180114);
            L->set(4,7,-0.5962120008855910);
            L->set(4,8,-0.08005430285905936);
            L->set(5,5,0.06250000000000000);
            L->set(5,6,-0.3109335740958187);
            L->set(5,7,0.6760408641494980);
            L->set(5,8,-0.7564420598061361);
            L->set(6,6,0.03125000000000000);
            L->set(6,7,-0.1868478241109593);
            L->set(6,8,0.5017668976041066);
            L->set(7,7,0.01562500000000000);
            L->set(7,8,-0.1090956253419449);
            L->set(8,8,0.007812500000000000);
            R->set(1,1,1.000000000000000);
            R->set(1,2,0.8660254037844386);
            R->set(1,4,-0.3307189138830738);
            R->set(1,6,0.2072890493972125);
            R->set(1,8,-0.1512884119612272);
            R->set(2,2,0.5000000000000000);
            R->set(2,3,0.9682458365518542);
            R->set(2,4,0.5728219618694800);
            R->set(2,5,-0.2165063509461097);
            R->set(2,6,-0.3590351654086268);
            R->set(2,7,0.09757809372497497);
            R->set(2,8,0.2620392161132566);
            R->set(3,3,0.2500000000000000);
            R->set(3,4,0.7395099728874520);
            R->set(3,5,0.8385254915624211);
            R->set(3,6,0.2317562027217395);
            R->set(3,7,-0.3779183319514945);
            R->set(3,8,-0.2571012917485052);
            R->set(4,4,0.1250000000000000);
            R->set(4,5,0.4960783708246107);
            R->set(4,6,0.8226529113180114);
            R->set(4,7,0.5962120008855910);
            R->set(4,8,-0.08005430285905936);
            R->set(5,5,0.06250000000000000);
            R->set(5,6,0.3109335740958187);
            R->set(5,7,0.6760408641494980);
            R->set(5,8,0.7564420598061361);
            R->set(6,6,0.03125000000000000);
            R->set(6,7,0.1868478241109593);
            R->set(6,8,0.5017668976041066);
            R->set(7,7,0.01562500000000000);
            R->set(7,8,0.1090956253419449);
            R->set(8,8,0.007812500000000000);
            break;
        case 9:
            L->set(1,1,1.000000000000000);
            L->set(1,2,-0.8660254037844386);
            L->set(1,4,0.3307189138830738);
            L->set(1,6,-0.2072890493972125);
            L->set(1,8,0.1512884119612272);
            L->set(2,2,0.5000000000000000);
            L->set(2,3,-0.9682458365518542);
            L->set(2,4,0.5728219618694800);
            L->set(2,5,0.2165063509461097);
            L->set(2,6,-0.3590351654086268);
            L->set(2,7,-0.09757809372497497);
            L->set(2,8,0.2620392161132566);
            L->set(2,9,0.05579240959799102);
            L->set(3,3,0.2500000000000000);
            L->set(3,4,-0.7395099728874520);
            L->set(3,5,0.8385254915624211);
            L->set(3,6,-0.2317562027217395);
            L->set(3,7,-0.3779183319514945);
            L->set(3,8,0.2571012917485052);
            L->set(3,9,0.2160830732178020);
            L->set(4,4,0.1250000000000000);
            L->set(4,5,-0.4960783708246107);
            L->set(4,6,0.8226529113180114);
            L->set(4,7,-0.5962120008855910);
            L->set(4,8,-0.08005430285905936);
            L->set(4,9,0.4261215669779576);
            L->set(5,5,0.06250000000000000);
            L->set(5,6,-0.3109335740958187);
            L->set(5,7,0.6760408641494980);
            L->set(5,8,-0.7564420598061361);
            L->set(5,9,0.2899058643012418);
            L->set(6,6,0.03125000000000000);
            L->set(6,7,-0.1868478241109593);
            L->set(6,8,0.5017668976041066);
            L->set(6,9,-0.7478403149862610);
            L->set(7,7,0.01562500000000000);
            L->set(7,8,-0.1090956253419449);
            L->set(7,9,0.3484234862652775);
            L->set(8,8,0.007812500000000000);
            L->set(8,9,-0.06237781024480981);
            L->set(9,9,0.003906250000000000);
            R->set(1,1,1.000000000000000);
            R->set(1,2,0.8660254037844386);
            R->set(1,4,-0.3307189138830738);
            R->set(1,6,0.2072890493972125);
            R->set(1,8,-0.1512884119612272);
            R->set(2,2,0.5000000000000000);
            R->set(2,3,0.9682458365518542);
            R->set(2,4,0.5728219618694800);
            R->set(2,5,-0.2165063509461097);
            R->set(2,6,-0.3590351654086268);
            R->set(2,7,0.09757809372497497);
            R->set(2,8,0.2620392161132566);
            R->set(2,9,-0.05579240959799102);
            R->set(3,3,0.2500000000000000);
            R->set(3,4,0.7395099728874520);
            R->set(3,5,0.8385254915624211);
            R->set(3,6,0.2317562027217395);
            R->set(3,7,-0.3779183319514945);
            R->set(3,8,-0.2571012917485052);
            R->set(3,9,0.2160830732178020);
            R->set(4,4,0.1250000000000000);
            R->set(4,5,0.4960783708246107);
            R->set(4,6,0.8226529113180114);
            R->set(4,7,0.5962120008855910);
            R->set(4,8,-0.08005430285905936);
            R->set(4,9,-0.4261215669779576);
            R->set(5,5,0.06250000000000000);
            R->set(5,6,0.3109335740958187);
            R->set(5,7,0.6760408641494980);
            R->set(5,8,0.7564420598061361);
            R->set(5,9,0.2899058643012418);
            R->set(6,6,0.03125000000000000);
            R->set(6,7,0.1868478241109593);
            R->set(6,8,0.5017668976041066);
            R->set(6,9,0.7478403149862610);
            R->set(7,7,0.01562500000000000);
            R->set(7,8,0.1090956253419449);
            R->set(7,9,0.3484234862652775);
            R->set(8,8,0.007812500000000000);
            R->set(8,9,0.06237781024480981);
            R->set(9,9,0.003906250000000000);
            break;
        case 10:
            L->set(1,1,1.000000000000000);
            L->set(1,2,-0.8660254037844386);
            L->set(1,4,0.3307189138830738);
            L->set(1,6,-0.2072890493972125);
            L->set(1,8,0.1512884119612272);
            L->set(1,10,-0.1191886429874403);
            L->set(2,2,0.5000000000000000);
            L->set(2,3,-0.9682458365518542);
            L->set(2,4,0.5728219618694800);
            L->set(2,5,0.2165063509461097);
            L->set(2,6,-0.3590351654086268);
            L->set(2,7,-0.09757809372497497);
            L->set(2,8,0.2620392161132566);
            L->set(2,9,0.05579240959799102);
            L->set(2,10,-0.2064407853394346);
            L->set(3,3,0.2500000000000000);
            L->set(3,4,-0.7395099728874520);
            L->set(3,5,0.8385254915624211);
            L->set(3,6,-0.2317562027217395);
            L->set(3,7,-0.3779183319514945);
            L->set(3,8,0.2571012917485052);
            L->set(3,9,0.2160830732178020);
            L->set(3,10,-0.2284404924564601);
            L->set(4,4,0.1250000000000000);
            L->set(4,5,-0.4960783708246107);
            L->set(4,6,0.8226529113180114);
            L->set(4,7,-0.5962120008855910);
            L->set(4,8,-0.08005430285905936);
            L->set(4,9,0.4261215669779576);
            L->set(4,10,-0.09009814527086559);
            L->set(5,5,0.06250000000000000);
            L->set(5,6,-0.3109335740958187);
            L->set(5,7,0.6760408641494980);
            L->set(5,8,-0.7564420598061361);
            L->set(5,9,0.2899058643012418);
            L->set(5,10,0.3064850819677036);
            L->set(6,6,0.03125000000000000);
            L->set(6,7,-0.1868478241109593);
            L->set(6,8,0.5017668976041066);
            L->set(6,9,-0.7478403149862610);
            L->set(6,10,0.5647200115156625);
            L->set(7,7,0.01562500000000000);
            L->set(7,8,-0.1090956253419449);
            L->set(7,9,0.3484234862652775);
            L->set(7,10,-0.6446111456162811);
            L->set(8,8,0.007812500000000000);
            L->set(8,9,-0.06237781024480981);
            L->set(8,10,0.2308078146737088);
            L->set(9,9,0.003906250000000000);
            L->set(9,10,-0.03510195460080357);
            L->set(10,10,0.001953125000000000);
            R->set(1,1,1.000000000000000);
            R->set(1,2,0.8660254037844386);
            R->set(1,4,-0.3307189138830738);
            R->set(1,6,0.2072890493972125);
            R->set(1,8,-0.1512884119612272);
            R->set(1,10,0.1191886429874403);
            R->set(2,2,0.5000000000000000);
            R->set(2,3,0.9682458365518542);
            R->set(2,4,0.5728219618694800);
            R->set(2,5,-0.2165063509461097);
            R->set(2,6,-0.3590351654086268);
            R->set(2,7,0.09757809372497497);
            R->set(2,8,0.2620392161132566);
            R->set(2,9,-0.05579240959799102);
            R->set(2,10,-0.2064407853394346);
            R->set(3,3,0.2500000000000000);
            R->set(3,4,0.7395099728874520);
            R->set(3,5,0.8385254915624211);
            R->set(3,6,0.2317562027217395);
            R->set(3,7,-0.3779183319514945);
            R->set(3,8,-0.2571012917485052);
            R->set(3,9,0.2160830732178020);
            R->set(3,10,0.2284404924564601);
            R->set(4,4,0.1250000000000000);
            R->set(4,5,0.4960783708246107);
            R->set(4,6,0.8226529113180114);
            R->set(4,7,0.5962120008855910);
            R->set(4,8,-0.08005430285905936);
            R->set(4,9,-0.4261215669779576);
            R->set(4,10,-0.09009814527086559);
            R->set(5,5,0.06250000000000000);
            R->set(5,6,0.3109335740958187);
            R->set(5,7,0.6760408641494980);
            R->set(5,8,0.7564420598061361);
            R->set(5,9,0.2899058643012418);
            R->set(5,10,-0.3064850819677036);
            R->set(6,6,0.03125000000000000);
            R->set(6,7,0.1868478241109593);
            R->set(6,8,0.5017668976041066);
            R->set(6,9,0.7478403149862610);
            R->set(6,10,0.5647200115156625);
            R->set(7,7,0.01562500000000000);
            R->set(7,8,0.1090956253419449);
            R->set(7,9,0.3484234862652775);
            R->set(7,10,0.6446111456162811);
            R->set(8,8,0.007812500000000000);
            R->set(8,9,0.06237781024480981);
            R->set(8,10,0.2308078146737088);
            R->set(9,9,0.003906250000000000);
            R->set(9,10,0.03510195460080357);
            R->set(10,10,0.001953125000000000);
            break;
    }
