case 1:
    L->set(1,1,0.5000000000000000);
    R->set(1,1,0.5000000000000000);
    break;
case 2:
    L->set(1,1,0.5000000000000000);
    L->set(2,1,-0.4330127018922193);
    L->set(2,2,0.2500000000000000);
    R->set(1,1,0.5000000000000000);
    R->set(2,1,0.4330127018922193);
    R->set(2,2,0.2500000000000000);
    break;
case 3:
    L->set(1,1,0.5000000000000000);
    L->set(2,1,-0.4330127018922193);
    L->set(2,2,0.2500000000000000);
    L->set(3,2,-0.4841229182759271);
    L->set(3,3,0.1250000000000000);
    R->set(1,1,0.5000000000000000);
    R->set(2,1,0.4330127018922193);
    R->set(2,2,0.2500000000000000);
    R->set(3,2,0.4841229182759271);
    R->set(3,3,0.1250000000000000);
    break;
case 4:
    L->set(1,1,0.5000000000000000);
    L->set(2,1,-0.4330127018922193);
    L->set(2,2,0.2500000000000000);
    L->set(3,2,-0.4841229182759271);
    L->set(3,3,0.1250000000000000);
    L->set(4,1,0.1653594569415369);
    L->set(4,2,0.2864109809347400);
    L->set(4,3,-0.3697549864437260);
    L->set(4,4,0.06250000000000000);
    R->set(1,1,0.5000000000000000);
    R->set(2,1,0.4330127018922193);
    R->set(2,2,0.2500000000000000);
    R->set(3,2,0.4841229182759271);
    R->set(3,3,0.1250000000000000);
    R->set(4,1,-0.1653594569415369);
    R->set(4,2,0.2864109809347400);
    R->set(4,3,0.3697549864437260);
    R->set(4,4,0.06250000000000000);
    break;
case 5:
    L->set(1,1,0.5000000000000000);
    L->set(2,1,-0.4330127018922193);
    L->set(2,2,0.2500000000000000);
    L->set(3,2,-0.4841229182759271);
    L->set(3,3,0.1250000000000000);
    L->set(4,1,0.1653594569415369);
    L->set(4,2,0.2864109809347400);
    L->set(4,3,-0.3697549864437260);
    L->set(4,4,0.06250000000000000);
    L->set(5,2,0.1082531754730548);
    L->set(5,3,0.4192627457812106);
    L->set(5,4,-0.2480391854123054);
    L->set(5,5,0.03125000000000000);
    R->set(1,1,0.5000000000000000);
    R->set(2,1,0.4330127018922193);
    R->set(2,2,0.2500000000000000);
    R->set(3,2,0.4841229182759271);
    R->set(3,3,0.1250000000000000);
    R->set(4,1,-0.1653594569415369);
    R->set(4,2,0.2864109809347400);
    R->set(4,3,0.3697549864437260);
    R->set(4,4,0.06250000000000000);
    R->set(5,2,-0.1082531754730548);
    R->set(5,3,0.4192627457812106);
    R->set(5,4,0.2480391854123054);
    R->set(5,5,0.03125000000000000);
    break;
case 6:
    L->set(1,1,0.5000000000000000);
    L->set(2,1,-0.4330127018922193);
    L->set(2,2,0.2500000000000000);
    L->set(3,2,-0.4841229182759271);
    L->set(3,3,0.1250000000000000);
    L->set(4,1,0.1653594569415369);
    L->set(4,2,0.2864109809347400);
    L->set(4,3,-0.3697549864437260);
    L->set(4,4,0.06250000000000000);
    L->set(5,2,0.1082531754730548);
    L->set(5,3,0.4192627457812106);
    L->set(5,4,-0.2480391854123054);
    L->set(5,5,0.03125000000000000);
    L->set(6,1,-0.1036445246986062);
    L->set(6,2,-0.1795175827043134);
    L->set(6,3,-0.1158781013608697);
    L->set(6,4,0.4113264556590057);
    L->set(6,5,-0.1554667870479094);
    L->set(6,6,0.01562500000000000);
    R->set(1,1,0.5000000000000000);
    R->set(2,1,0.4330127018922193);
    R->set(2,2,0.2500000000000000);
    R->set(3,2,0.4841229182759271);
    R->set(3,3,0.1250000000000000);
    R->set(4,1,-0.1653594569415369);
    R->set(4,2,0.2864109809347400);
    R->set(4,3,0.3697549864437260);
    R->set(4,4,0.06250000000000000);
    R->set(5,2,-0.1082531754730548);
    R->set(5,3,0.4192627457812106);
    R->set(5,4,0.2480391854123054);
    R->set(5,5,0.03125000000000000);
    R->set(6,1,0.1036445246986062);
    R->set(6,2,-0.1795175827043134);
    R->set(6,3,0.1158781013608697);
    R->set(6,4,0.4113264556590057);
    R->set(6,5,0.1554667870479094);
    R->set(6,6,0.01562500000000000);
    break;
case 7:
    L->set(1,1,0.5000000000000000);
    L->set(2,1,-0.4330127018922193);
    L->set(2,2,0.2500000000000000);
    L->set(3,2,-0.4841229182759271);
    L->set(3,3,0.1250000000000000);
    L->set(4,1,0.1653594569415369);
    L->set(4,2,0.2864109809347400);
    L->set(4,3,-0.3697549864437260);
    L->set(4,4,0.06250000000000000);
    L->set(5,2,0.1082531754730548);
    L->set(5,3,0.4192627457812106);
    L->set(5,4,-0.2480391854123054);
    L->set(5,5,0.03125000000000000);
    L->set(6,1,-0.1036445246986062);
    L->set(6,2,-0.1795175827043134);
    L->set(6,3,-0.1158781013608697);
    L->set(6,4,0.4113264556590057);
    L->set(6,5,-0.1554667870479094);
    L->set(6,6,0.01562500000000000);
    L->set(7,2,-0.04878904686248749);
    L->set(7,3,-0.1889591659757473);
    L->set(7,4,-0.2981060004427955);
    L->set(7,5,0.3380204320747490);
    L->set(7,6,-0.09342391205547967);
    L->set(7,7,0.007812500000000000);
    R->set(1,1,0.5000000000000000);
    R->set(2,1,0.4330127018922193);
    R->set(2,2,0.2500000000000000);
    R->set(3,2,0.4841229182759271);
    R->set(3,3,0.1250000000000000);
    R->set(4,1,-0.1653594569415369);
    R->set(4,2,0.2864109809347400);
    R->set(4,3,0.3697549864437260);
    R->set(4,4,0.06250000000000000);
    R->set(5,2,-0.1082531754730548);
    R->set(5,3,0.4192627457812106);
    R->set(5,4,0.2480391854123054);
    R->set(5,5,0.03125000000000000);
    R->set(6,1,0.1036445246986062);
    R->set(6,2,-0.1795175827043134);
    R->set(6,3,0.1158781013608697);
    R->set(6,4,0.4113264556590057);
    R->set(6,5,0.1554667870479094);
    R->set(6,6,0.01562500000000000);
    R->set(7,2,0.04878904686248749);
    R->set(7,3,-0.1889591659757473);
    R->set(7,4,0.2981060004427955);
    R->set(7,5,0.3380204320747490);
    R->set(7,6,0.09342391205547967);
    R->set(7,7,0.007812500000000000);
    break;
case 8:
    L->set(1,1,0.5000000000000000);
    L->set(2,1,-0.4330127018922193);
    L->set(2,2,0.2500000000000000);
    L->set(3,2,-0.4841229182759271);
    L->set(3,3,0.1250000000000000);
    L->set(4,1,0.1653594569415369);
    L->set(4,2,0.2864109809347400);
    L->set(4,3,-0.3697549864437260);
    L->set(4,4,0.06250000000000000);
    L->set(5,2,0.1082531754730548);
    L->set(5,3,0.4192627457812106);
    L->set(5,4,-0.2480391854123054);
    L->set(5,5,0.03125000000000000);
    L->set(6,1,-0.1036445246986062);
    L->set(6,2,-0.1795175827043134);
    L->set(6,3,-0.1158781013608697);
    L->set(6,4,0.4113264556590057);
    L->set(6,5,-0.1554667870479094);
    L->set(6,6,0.01562500000000000);
    L->set(7,2,-0.04878904686248749);
    L->set(7,3,-0.1889591659757473);
    L->set(7,4,-0.2981060004427955);
    L->set(7,5,0.3380204320747490);
    L->set(7,6,-0.09342391205547967);
    L->set(7,7,0.007812500000000000);
    L->set(8,1,0.07564420598061361);
    L->set(8,2,0.1310196080566283);
    L->set(8,3,0.1285506458742526);
    L->set(8,4,-0.04002715142952968);
    L->set(8,5,-0.3782210299030681);
    L->set(8,6,0.2508834488020533);
    L->set(8,7,-0.05454781267097243);
    L->set(8,8,0.003906250000000000);
    R->set(1,1,0.5000000000000000);
    R->set(2,1,0.4330127018922193);
    R->set(2,2,0.2500000000000000);
    R->set(3,2,0.4841229182759271);
    R->set(3,3,0.1250000000000000);
    R->set(4,1,-0.1653594569415369);
    R->set(4,2,0.2864109809347400);
    R->set(4,3,0.3697549864437260);
    R->set(4,4,0.06250000000000000);
    R->set(5,2,-0.1082531754730548);
    R->set(5,3,0.4192627457812106);
    R->set(5,4,0.2480391854123054);
    R->set(5,5,0.03125000000000000);
    R->set(6,1,0.1036445246986062);
    R->set(6,2,-0.1795175827043134);
    R->set(6,3,0.1158781013608697);
    R->set(6,4,0.4113264556590057);
    R->set(6,5,0.1554667870479094);
    R->set(6,6,0.01562500000000000);
    R->set(7,2,0.04878904686248749);
    R->set(7,3,-0.1889591659757473);
    R->set(7,4,0.2981060004427955);
    R->set(7,5,0.3380204320747490);
    R->set(7,6,0.09342391205547967);
    R->set(7,7,0.007812500000000000);
    R->set(8,1,-0.07564420598061361);
    R->set(8,2,0.1310196080566283);
    R->set(8,3,-0.1285506458742526);
    R->set(8,4,-0.04002715142952968);
    R->set(8,5,0.3782210299030681);
    R->set(8,6,0.2508834488020533);
    R->set(8,7,0.05454781267097243);
    R->set(8,8,0.003906250000000000);
    break;
case 9:
    L->set(1,1,0.5000000000000000);
    L->set(2,1,-0.4330127018922193);
    L->set(2,2,0.2500000000000000);
    L->set(3,2,-0.4841229182759271);
    L->set(3,3,0.1250000000000000);
    L->set(4,1,0.1653594569415369);
    L->set(4,2,0.2864109809347400);
    L->set(4,3,-0.3697549864437260);
    L->set(4,4,0.06250000000000000);
    L->set(5,2,0.1082531754730548);
    L->set(5,3,0.4192627457812106);
    L->set(5,4,-0.2480391854123054);
    L->set(5,5,0.03125000000000000);
    L->set(6,1,-0.1036445246986062);
    L->set(6,2,-0.1795175827043134);
    L->set(6,3,-0.1158781013608697);
    L->set(6,4,0.4113264556590057);
    L->set(6,5,-0.1554667870479094);
    L->set(6,6,0.01562500000000000);
    L->set(7,2,-0.04878904686248749);
    L->set(7,3,-0.1889591659757473);
    L->set(7,4,-0.2981060004427955);
    L->set(7,5,0.3380204320747490);
    L->set(7,6,-0.09342391205547967);
    L->set(7,7,0.007812500000000000);
    L->set(8,1,0.07564420598061361);
    L->set(8,2,0.1310196080566283);
    L->set(8,3,0.1285506458742526);
    L->set(8,4,-0.04002715142952968);
    L->set(8,5,-0.3782210299030681);
    L->set(8,6,0.2508834488020533);
    L->set(8,7,-0.05454781267097243);
    L->set(8,8,0.003906250000000000);
    L->set(9,2,0.02789620479899551);
    L->set(9,3,0.1080415366089010);
    L->set(9,4,0.2130607834889788);
    L->set(9,5,0.1449529321506209);
    L->set(9,6,-0.3739201574931305);
    L->set(9,7,0.1742117431326387);
    L->set(9,8,-0.03118890512240491);
    L->set(9,9,0.001953125000000000);
    R->set(1,1,0.5000000000000000);
    R->set(2,1,0.4330127018922193);
    R->set(2,2,0.2500000000000000);
    R->set(3,2,0.4841229182759271);
    R->set(3,3,0.1250000000000000);
    R->set(4,1,-0.1653594569415369);
    R->set(4,2,0.2864109809347400);
    R->set(4,3,0.3697549864437260);
    R->set(4,4,0.06250000000000000);
    R->set(5,2,-0.1082531754730548);
    R->set(5,3,0.4192627457812106);
    R->set(5,4,0.2480391854123054);
    R->set(5,5,0.03125000000000000);
    R->set(6,1,0.1036445246986062);
    R->set(6,2,-0.1795175827043134);
    R->set(6,3,0.1158781013608697);
    R->set(6,4,0.4113264556590057);
    R->set(6,5,0.1554667870479094);
    R->set(6,6,0.01562500000000000);
    R->set(7,2,0.04878904686248749);
    R->set(7,3,-0.1889591659757473);
    R->set(7,4,0.2981060004427955);
    R->set(7,5,0.3380204320747490);
    R->set(7,6,0.09342391205547967);
    R->set(7,7,0.007812500000000000);
    R->set(8,1,-0.07564420598061361);
    R->set(8,2,0.1310196080566283);
    R->set(8,3,-0.1285506458742526);
    R->set(8,4,-0.04002715142952968);
    R->set(8,5,0.3782210299030681);
    R->set(8,6,0.2508834488020533);
    R->set(8,7,0.05454781267097243);
    R->set(8,8,0.003906250000000000);
    R->set(9,2,-0.02789620479899551);
    R->set(9,3,0.1080415366089010);
    R->set(9,4,-0.2130607834889788);
    R->set(9,5,0.1449529321506209);
    R->set(9,6,0.3739201574931305);
    R->set(9,7,0.1742117431326387);
    R->set(9,8,0.03118890512240491);
    R->set(9,9,0.001953125000000000);
    break;
case 10:
    L->set(1,1,0.5000000000000000);
    L->set(2,1,-0.4330127018922193);
    L->set(2,2,0.2500000000000000);
    L->set(3,2,-0.4841229182759271);
    L->set(3,3,0.1250000000000000);
    L->set(4,1,0.1653594569415369);
    L->set(4,2,0.2864109809347400);
    L->set(4,3,-0.3697549864437260);
    L->set(4,4,0.06250000000000000);
    L->set(5,2,0.1082531754730548);
    L->set(5,3,0.4192627457812106);
    L->set(5,4,-0.2480391854123054);
    L->set(5,5,0.03125000000000000);
    L->set(6,1,-0.1036445246986062);
    L->set(6,2,-0.1795175827043134);
    L->set(6,3,-0.1158781013608697);
    L->set(6,4,0.4113264556590057);
    L->set(6,5,-0.1554667870479094);
    L->set(6,6,0.01562500000000000);
    L->set(7,2,-0.04878904686248749);
    L->set(7,3,-0.1889591659757473);
    L->set(7,4,-0.2981060004427955);
    L->set(7,5,0.3380204320747490);
    L->set(7,6,-0.09342391205547967);
    L->set(7,7,0.007812500000000000);
    L->set(8,1,0.07564420598061361);
    L->set(8,2,0.1310196080566283);
    L->set(8,3,0.1285506458742526);
    L->set(8,4,-0.04002715142952968);
    L->set(8,5,-0.3782210299030681);
    L->set(8,6,0.2508834488020533);
    L->set(8,7,-0.05454781267097243);
    L->set(8,8,0.003906250000000000);
    L->set(9,2,0.02789620479899551);
    L->set(9,3,0.1080415366089010);
    L->set(9,4,0.2130607834889788);
    L->set(9,5,0.1449529321506209);
    L->set(9,6,-0.3739201574931305);
    L->set(9,7,0.1742117431326387);
    L->set(9,8,-0.03118890512240491);
    L->set(9,9,0.001953125000000000);
    L->set(10,1,-0.05959432149372015);
    L->set(10,2,-0.1032203926697173);
    L->set(10,3,-0.1142202462282300);
    L->set(10,4,-0.04504907263543280);
    L->set(10,5,0.1532425409838518);
    L->set(10,6,0.2823600057578313);
    L->set(10,7,-0.3223055728081406);
    L->set(10,8,0.1154039073368544);
    L->set(10,9,-0.01755097730040179);
    L->set(10,10,0.0009765625000000000);
    R->set(1,1,0.5000000000000000);
    R->set(2,1,0.4330127018922193);
    R->set(2,2,0.2500000000000000);
    R->set(3,2,0.4841229182759271);
    R->set(3,3,0.1250000000000000);
    R->set(4,1,-0.1653594569415369);
    R->set(4,2,0.2864109809347400);
    R->set(4,3,0.3697549864437260);
    R->set(4,4,0.06250000000000000);
    R->set(5,2,-0.1082531754730548);
    R->set(5,3,0.4192627457812106);
    R->set(5,4,0.2480391854123054);
    R->set(5,5,0.03125000000000000);
    R->set(6,1,0.1036445246986062);
    R->set(6,2,-0.1795175827043134);
    R->set(6,3,0.1158781013608697);
    R->set(6,4,0.4113264556590057);
    R->set(6,5,0.1554667870479094);
    R->set(6,6,0.01562500000000000);
    R->set(7,2,0.04878904686248749);
    R->set(7,3,-0.1889591659757473);
    R->set(7,4,0.2981060004427955);
    R->set(7,5,0.3380204320747490);
    R->set(7,6,0.09342391205547967);
    R->set(7,7,0.007812500000000000);
    R->set(8,1,-0.07564420598061361);
    R->set(8,2,0.1310196080566283);
    R->set(8,3,-0.1285506458742526);
    R->set(8,4,-0.04002715142952968);
    R->set(8,5,0.3782210299030681);
    R->set(8,6,0.2508834488020533);
    R->set(8,7,0.05454781267097243);
    R->set(8,8,0.003906250000000000);
    R->set(9,2,-0.02789620479899551);
    R->set(9,3,0.1080415366089010);
    R->set(9,4,-0.2130607834889788);
    R->set(9,5,0.1449529321506209);
    R->set(9,6,0.3739201574931305);
    R->set(9,7,0.1742117431326387);
    R->set(9,8,0.03118890512240491);
    R->set(9,9,0.001953125000000000);
    R->set(10,1,0.05959432149372015);
    R->set(10,2,-0.1032203926697173);
    R->set(10,3,0.1142202462282300);
    R->set(10,4,-0.04504907263543280);
    R->set(10,5,-0.1532425409838518);
    R->set(10,6,0.2823600057578313);
    R->set(10,7,0.3223055728081406);
    R->set(10,8,0.1154039073368544);
    R->set(10,9,0.01755097730040179);
    R->set(10,10,0.0009765625000000000);
    break;
